T = 1399.588188236336 + 364.68731248800304 - 224.36859745982497
log_xh2o = -0.6275231169490372 + 0.1616009463600896 - 0.1511647287206166

log Z for model = 23.0
