T = 1628.0971254651681 + 406.2622796394496 - 431.2317005985187
log_xh2o = -6.60769686527834 + 0.7247017031989804 - 0.35403066234880853
R0 = 1.2535165712126983 + 0.04115698379885924 - 0.03931234752748236
Rstar = 1.1232986887314786 + 0.03465943521084114 - 0.03501471726280503
G = 748.843139440689 + 14.56657068661093 - 15.052590678959632

log Z for model = 23.3