T = 1045.064603816365 + 351.52546790631436 - 355.90627987734274
log_xh2o = -0.6377656346696483 + 0.17704022874418335 - 0.1844053335851028
R0 = 1.2385015135357365 + 0.013433756597492241 - 0.013021065713248792

log Z for model = 22.9