T = 1057.9319573236455 + 337.5982649582613 - 359.41268141953276
log_xh2o = -0.6493141649035108 + 0.16265614467788608 - 0.16809519047954113
R0 = 1.2474781838709252 + 0.03939102358262714 - 0.049219096066950074
Rstar = 1.1224984982670825 + 0.03521718091593784 - 0.03887599268166597

log Z for model = 22.9