T = 838.8631277340049 + 233.62147922678662 - 324.06113466303805
log_xh2o = -0.7612072691152054 + 0.18042299988638177 - 0.31372322556720844
R0 = 1.2532019255673106 + 0.03591406469828651 - 0.04332048593209281
Rstar = 1.1183378196502833 + 0.033336586428566184 - 0.03476191323802058
G = 745.7025376754781 + 16.489770892894626 - 16.47705180376829

log Z for model = 22.1