T = 1028.270012755361 + 361.8033805212897 - 361.5598013021863
log_xh2o = -0.6464370822133958 + 0.18411046911324852 - 0.1793105267035371
R0 = 1.239337548171346 + 0.013445598224397504 - 0.013221020622536717
G = 746.8813763940245 + 16.71881853941204 - 17.062167154325152

log Z for model = 22.8