T = 1589.232831054541 + 461.11404661057963 - 506.6579676469796
log_xh2o = -6.58582235237971 + 5.8798138082457605 - 0.39804683135010954
R0 = 1.2441179664630297 + 0.0054302613333869765 - 0.0062502470885041905

log Z for model = 23.5