T = 1071.669504309713 + 319.91297199339715 - 326.7584195802491
log_xh2o = -0.643282502857117 + 0.16395360202610332 - 0.1783386670763466
R0 = 1.236911637663008 + 0.034687504609491215 - 0.03141686836562463
Rstar = 1.1149751849670846 + 0.030007416818844446 - 0.02916011195837198
G = 748.1161861782881 + 16.198687582802336 - 16.43977654989385

log Z for model = 22.5